511 980
847 1113
0 420
378 539
0 140
161 280
0 280
119 329
0 875
119 1050
497 133
903 273
0 0
497 140
903 133
1022 329
560 728
854 847
511 847
672 966
1057 0
1176 266
161 140
497 259
0 749
119 875
434 273
805 455
868 595
1050 798
378 637
560 840
0 665
119 749
805 329
1099 462
378 455
728 637
119 280
434 420
728 462
1043 595
497 0
1057 133
728 595
868 728
672 847
847 980
847 847
1078 980
847 980
1162 1113
1043 462
1225 560
119 665
329 875
0 539
378 665
329 840
511 959
119 875
238 994
119 994
476 1113
238 875
322 994
1326 1205
